[0, 1, 2, 3] [13, 0, 0, 1] [0, 1, 2, 3]
[2, 2, 1, 1] [15, 3, 3, 0] [0, 2, 1, 1]
[1, 1, 2, 2] [5, 1, 2, 2] [1, 1, 0, 2]
[1, 1, 0, 3] [10, 1, 3, 2] [1, 1, 0, 3]
[1, 1, 3, 1] [2, 1, 0, 2] [1, 1, 1, 1]
[2, 1, 2, 0] [5, 1, 2, 1] [2, 0, 2, 0]
[1, 0, 0, 2] [3, 0, 2, 2] [1, 0, 0, 2]
[3, 1, 0, 2] [1, 1, 3, 3] [3, 1, 0, 0]
[2, 2, 3, 3] [10, 1, 3, 1] [2, 0, 3, 3]
[0, 2, 2, 2] [13, 2, 1, 0] [1, 2, 2, 2]
[2, 3, 3, 1] [15, 3, 3, 2] [2, 3, 0, 1]
[3, 1, 2, 1] [5, 1, 2, 2] [3, 1, 0, 1]
[1, 0, 2, 3] [4, 0, 2, 3] [1, 0, 2, 0]
[2, 2, 1, 1] [15, 2, 3, 2] [2, 2, 0, 1]
[1, 2, 1, 3] [10, 2, 3, 0] [0, 2, 1, 3]
[3, 1, 0, 3] [10, 1, 3, 0] [0, 1, 0, 3]
[0, 1, 0, 3] [6, 0, 0, 1] [0, 0, 0, 3]
[3, 1, 1, 3] [12, 2, 1, 1] [3, 2, 1, 3]
[2, 1, 2, 2] [5, 1, 2, 0] [0, 1, 2, 2]
[1, 2, 2, 0] [4, 0, 2, 0] [0, 2, 2, 0]
[1, 2, 2, 2] [4, 0, 2, 2] [1, 2, 0, 2]
[3, 1, 1, 1] [12, 2, 1, 1] [3, 2, 1, 1]
[0, 1, 1, 1] [12, 2, 1, 3] [0, 1, 1, 2]
[3, 0, 2, 3] [10, 2, 3, 2] [3, 0, 0, 3]
[1, 1, 0, 1] [11, 1, 3, 2] [1, 1, 1, 1]
[1, 1, 0, 2] [2, 1, 0, 3] [1, 1, 0, 1]
[0, 1, 1, 1] [12, 2, 1, 2] [0, 1, 2, 1]
[1, 1, 2, 2] [2, 1, 0, 1] [1, 1, 2, 2]
[2, 1, 0, 2] [15, 3, 3, 0] [0, 1, 0, 2]
[0, 0, 1, 1] [6, 0, 0, 2] [0, 0, 0, 1]
[1, 2, 0, 3] [3, 0, 2, 2] [1, 2, 0, 3]
[2, 2, 3, 3] [10, 1, 3, 0] [0, 2, 3, 3]
[1, 1, 2, 1] [2, 1, 0, 2] [1, 1, 1, 1]
[1, 1, 2, 0] [2, 1, 0, 1] [1, 1, 2, 0]
[3, 1, 2, 0] [5, 1, 2, 0] [0, 1, 2, 0]
[2, 1, 1, 2] [12, 2, 1, 1] [2, 2, 1, 2]
[1, 1, 0, 2] [3, 0, 2, 2] [1, 1, 0, 2]
[2, 1, 1, 1] [12, 2, 1, 1] [2, 2, 1, 1]
[0, 1, 2, 3] [5, 1, 2, 3] [0, 1, 2, 0]
[3, 1, 1, 1] [12, 2, 1, 3] [3, 1, 1, 2]
[1, 2, 2, 3] [4, 0, 2, 3] [1, 2, 2, 0]
[2, 1, 1, 3] [10, 1, 3, 2] [2, 1, 0, 3]
[1, 1, 1, 2] [2, 1, 0, 0] [1, 1, 1, 2]
[1, 1, 2, 1] [5, 1, 2, 1] [1, 0, 2, 1]
[0, 1, 2, 2] [6, 0, 0, 1] [0, 0, 2, 2]
[0, 3, 2, 1] [15, 3, 3, 2] [0, 3, 0, 1]
[1, 1, 1, 3] [12, 2, 1, 3] [1, 1, 1, 2]
[0, 1, 3, 0] [6, 0, 0, 3] [0, 1, 3, 0]
[0, 2, 2, 2] [15, 3, 3, 2] [0, 2, 0, 2]
[0, 1, 1, 3] [10, 1, 3, 0] [0, 1, 1, 3]
[1, 2, 2, 1] [4, 0, 2, 0] [0, 2, 2, 1]
[1, 1, 0, 0] [3, 0, 2, 2] [1, 1, 0, 0]
[3, 1, 2, 2] [5, 1, 2, 1] [3, 0, 2, 2]
[0, 2, 3, 3] [6, 0, 0, 1] [0, 0, 3, 3]
[0, 1, 2, 0] [5, 1, 2, 0] [0, 1, 2, 0]
[2, 1, 2, 3] [5, 1, 2, 1] [2, 0, 2, 3]
[2, 1, 1, 3] [13, 3, 2, 1] [2, 0, 1, 3]
[3, 1, 2, 3] [5, 1, 2, 3] [3, 1, 2, 0]
[1, 0, 2, 0] [4, 0, 2, 2] [1, 0, 0, 0]
[0, 3, 0, 3] [6, 0, 0, 0] [0, 3, 0, 3]
[0, 2, 2, 2] [15, 3, 3, 3] [0, 2, 2, 0]
[1, 1, 2, 2] [1, 1, 3, 1] [1, 0, 2, 2]
[2, 3, 2, 3] [10, 2, 3, 1] [2, 0, 2, 3]
[0, 1, 1, 3] [10, 2, 3, 1] [0, 0, 1, 3]
[1, 0, 2, 2] [4, 0, 2, 0] [0, 0, 2, 2]
[1, 1, 1, 0] [12, 2, 1, 1] [1, 2, 1, 0]
[0, 2, 1, 0] [6, 0, 0, 2] [0, 2, 0, 0]
[0, 1, 2, 0] [6, 0, 0, 2] [0, 1, 0, 0]
[3, 1, 1, 1] [15, 3, 3, 0] [0, 1, 1, 1]
[0, 2, 1, 3] [10, 2, 3, 2] [0, 2, 0, 3]
[2, 1, 2, 2] [13, 2, 2, 3] [2, 1, 2, 1]
[1, 1, 2, 1] [2, 1, 0, 3] [1, 1, 2, 1]
[1, 0, 2, 3] [13, 3, 2, 2] [1, 0, 0, 3]
[1, 1, 1, 2] [12, 2, 1, 2] [1, 1, 2, 2]
[2, 0, 1, 3] [13, 3, 3, 1] [2, 1, 1, 3]
[2, 2, 2, 0] [13, 2, 2, 2] [2, 2, 1, 0]
[1, 1, 3, 3] [13, 3, 3, 0] [1, 1, 3, 3]
[2, 1, 1, 3] [13, 3, 3, 3] [2, 1, 1, 1]
[3, 1, 2, 1] [11, 1, 3, 3] [3, 1, 2, 1]
[3, 1, 1, 0] [12, 2, 1, 2] [3, 1, 2, 0]
[1, 3, 2, 3] [4, 0, 2, 2] [1, 3, 0, 3]
[0, 3, 0, 0] [6, 0, 0, 1] [0, 0, 0, 0]
[3, 2, 3, 3] [13, 3, 0, 3] [3, 2, 3, 1]
[2, 3, 1, 2] [15, 3, 3, 1] [2, 0, 1, 2]
[1, 1, 0, 1] [11, 1, 3, 0] [1, 1, 0, 1]
[0, 1, 2, 2] [6, 0, 0, 0] [0, 1, 2, 2]
[3, 1, 2, 1] [11, 1, 3, 2] [3, 1, 1, 1]
[3, 1, 0, 2] [15, 3, 3, 0] [0, 1, 0, 2]
[3, 1, 0, 1] [11, 1, 3, 1] [3, 1, 0, 1]
[0, 1, 1, 2] [1, 1, 3, 3] [0, 1, 1, 0]
[1, 1, 2, 1] [11, 1, 3, 1] [1, 1, 2, 1]
[0, 1, 1, 2] [6, 0, 0, 0] [0, 1, 1, 2]
[2, 1, 2, 2] [1, 1, 3, 2] [2, 1, 0, 2]
[3, 1, 1, 3] [13, 3, 1, 3] [3, 1, 1, 0]
[3, 1, 2, 0] [5, 1, 2, 1] [3, 0, 2, 0]
[3, 1, 0, 1] [11, 1, 3, 2] [3, 1, 1, 1]
[2, 1, 3, 2] [15, 3, 3, 1] [2, 0, 3, 2]
[1, 1, 2, 3] [10, 1, 3, 0] [0, 1, 2, 3]
[2, 1, 1, 2] [12, 2, 1, 0] [2, 1, 1, 2]
[3, 2, 0, 1] [15, 3, 3, 0] [0, 2, 0, 1]
[1, 1, 2, 3] [2, 1, 0, 1] [1, 1, 2, 3]
[0, 0, 2, 3] [10, 2, 3, 0] [0, 0, 2, 3]
[0, 1, 3, 2] [6, 0, 0, 0] [0, 1, 3, 2]
[0, 1, 1, 2] [12, 2, 1, 3] [0, 1, 1, 2]
[1, 1, 2, 2] [2, 1, 0, 0] [1, 1, 2, 2]
[1, 1, 2, 1] [5, 1, 2, 3] [1, 1, 2, 0]
[1, 1, 1, 1] [15, 3, 3, 0] [0, 1, 1, 1]
[1, 3, 2, 1] [4, 0, 2, 0] [0, 3, 2, 1]
[1, 1, 3, 3] [2, 1, 0, 2] [1, 1, 1, 3]
[0, 3, 2, 2] [6, 0, 0, 0] [0, 3, 2, 2]
[1, 3, 0, 1] [3, 0, 2, 0] [0, 3, 0, 1]
[2, 1, 2, 1] [11, 1, 3, 2] [2, 1, 1, 1]
[3, 2, 1, 1] [15, 3, 3, 3] [3, 2, 1, 0]
[3, 1, 2, 3] [5, 1, 2, 1] [3, 0, 2, 3]
[1, 0, 2, 3] [4, 0, 2, 1] [1, 0, 2, 3]
[1, 3, 2, 0] [4, 0, 2, 0] [0, 3, 2, 0]
[1, 1, 3, 1] [15, 3, 3, 3] [1, 1, 3, 0]
[3, 1, 1, 1] [11, 1, 3, 2] [3, 1, 1, 1]
[1, 1, 1, 1] [12, 2, 1, 0] [2, 1, 1, 1]
[1, 3, 2, 2] [4, 0, 2, 1] [1, 0, 2, 2]
[1, 1, 2, 1] [2, 1, 0, 0] [1, 1, 2, 1]
[0, 2, 2, 1] [15, 3, 3, 3] [0, 2, 2, 0]
[0, 0, 2, 2] [6, 0, 0, 0] [0, 0, 2, 2]
[1, 1, 1, 2] [12, 2, 1, 3] [1, 1, 1, 2]
[2, 0, 1, 3] [13, 3, 3, 3] [2, 0, 1, 1]
[1, 2, 1, 3] [10, 1, 3, 3] [1, 2, 1, 0]
[0, 1, 2, 3] [10, 2, 3, 0] [0, 1, 2, 3]
[1, 1, 1, 3] [12, 2, 1, 2] [1, 1, 2, 3]
[2, 1, 3, 2] [1, 1, 3, 0] [0, 1, 3, 2]
[3, 2, 0, 3] [13, 3, 3, 1] [3, 1, 0, 3]
[0, 3, 0, 2] [6, 0, 0, 0] [0, 3, 0, 2]
[0, 1, 0, 2] [1, 1, 3, 1] [0, 0, 0, 2]
[3, 1, 3, 1] [11, 1, 3, 0] [1, 1, 3, 1]
[2, 0, 3, 3] [13, 3, 2, 3] [2, 0, 3, 1]
[1, 1, 1, 3] [2, 1, 0, 1] [1, 1, 1, 3]
[3, 2, 0, 3] [10, 1, 3, 2] [3, 2, 0, 3]
[0, 0, 3, 3] [6, 0, 0, 2] [0, 0, 0, 3]
[3, 1, 3, 1] [15, 3, 3, 1] [3, 0, 3, 1]
[2, 1, 3, 1] [11, 1, 3, 1] [2, 1, 3, 1]
[3, 1, 1, 2] [12, 2, 1, 2] [3, 1, 2, 2]
[3, 0, 2, 2] [15, 3, 3, 1] [3, 0, 2, 2]
[1, 1, 2, 2] [4, 0, 2, 0] [0, 1, 2, 2]
[2, 1, 1, 0] [12, 2, 1, 2] [2, 1, 2, 0]
[0, 3, 2, 3] [6, 0, 0, 0] [0, 3, 2, 3]
[3, 1, 3, 1] [11, 1, 3, 1] [3, 1, 3, 1]
[1, 1, 0, 2] [3, 0, 2, 1] [1, 0, 0, 2]
[1, 1, 1, 0] [2, 1, 0, 1] [1, 1, 1, 0]
[3, 1, 2, 1] [11, 1, 3, 1] [3, 1, 2, 1]
[1, 2, 0, 0] [3, 0, 2, 1] [1, 0, 0, 0]
[1, 1, 2, 1] [4, 0, 2, 0] [0, 1, 2, 1]
[2, 1, 2, 2] [5, 1, 2, 1] [2, 0, 2, 2]
[1, 1, 0, 3] [2, 1, 0, 1] [1, 1, 0, 3]
[1, 1, 2, 3] [4, 0, 2, 3] [1, 1, 2, 0]
[1, 3, 2, 1] [4, 0, 2, 2] [1, 3, 0, 1]
[2, 1, 2, 0] [5, 1, 2, 2] [2, 1, 0, 0]
[1, 3, 0, 0] [3, 0, 2, 3] [1, 3, 0, 0]
[2, 1, 0, 1] [11, 1, 3, 3] [2, 1, 0, 1]
[1, 1, 0, 0] [2, 1, 0, 3] [1, 1, 0, 1]
[1, 0, 2, 3] [4, 0, 2, 2] [1, 0, 0, 3]
[1, 3, 0, 1] [3, 0, 2, 1] [1, 0, 0, 1]
[3, 1, 2, 2] [5, 1, 2, 3] [3, 1, 2, 0]
[1, 1, 1, 0] [2, 1, 0, 2] [1, 1, 1, 0]
[1, 3, 0, 0] [3, 0, 2, 2] [1, 3, 0, 0]
[0, 1, 2, 2] [1, 1, 3, 3] [0, 1, 2, 0]
[2, 1, 1, 0] [12, 2, 1, 0] [2, 1, 1, 0]
[1, 1, 2, 1] [5, 1, 2, 0] [0, 1, 2, 1]
[1, 0, 0, 1] [3, 0, 2, 1] [1, 0, 0, 1]
[1, 3, 2, 2] [15, 3, 3, 2] [1, 3, 0, 2]
[1, 3, 0, 2] [3, 0, 2, 3] [1, 3, 0, 0]
[0, 1, 2, 2] [5, 1, 2, 0] [0, 1, 2, 2]
[1, 1, 1, 3] [2, 1, 0, 3] [1, 1, 1, 1]
[0, 1, 3, 1] [11, 1, 3, 3] [0, 1, 3, 1]
[1, 1, 1, 2] [1, 1, 3, 3] [1, 1, 1, 0]
[1, 2, 2, 2] [4, 0, 2, 3] [1, 2, 2, 0]
[0, 2, 2, 1] [13, 2, 2, 0] [1, 2, 2, 1]
[1, 1, 0, 2] [1, 1, 3, 0] [0, 1, 0, 2]
[1, 1, 0, 1] [2, 1, 0, 3] [1, 1, 0, 1]
[1, 3, 2, 2] [4, 0, 2, 0] [0, 3, 2, 2]
[2, 0, 1, 1] [15, 2, 3, 0] [0, 0, 1, 1]
[2, 1, 3, 1] [11, 1, 3, 2] [2, 1, 1, 1]
[3, 1, 3, 3] [10, 1, 3, 0] [0, 1, 3, 3]
[1, 1, 3, 1] [2, 1, 0, 1] [1, 1, 3, 1]
[1, 1, 1, 0] [12, 2, 1, 2] [1, 1, 2, 0]
[3, 1, 2, 3] [10, 2, 3, 1] [3, 0, 2, 3]
[1, 0, 0, 2] [3, 0, 2, 3] [1, 0, 0, 0]
[0, 1, 0, 3] [6, 0, 0, 2] [0, 1, 0, 3]
[2, 0, 0, 1] [15, 3, 3, 1] [2, 0, 0, 1]
[1, 1, 0, 3] [2, 1, 0, 3] [1, 1, 0, 1]
[2, 2, 3, 2] [15, 3, 3, 3] [2, 2, 3, 0]
[1, 1, 0, 2] [1, 1, 3, 3] [1, 1, 0, 0]
[1, 2, 0, 1] [3, 0, 2, 1] [1, 0, 0, 1]
[1, 1, 0, 1] [11, 1, 3, 1] [1, 1, 0, 1]
[3, 2, 1, 3] [13, 3, 3, 3] [3, 2, 1, 1]
[2, 1, 1, 1] [11, 1, 3, 2] [2, 1, 1, 1]
[3, 2, 0, 2] [15, 3, 3, 2] [3, 2, 0, 2]
[0, 3, 1, 2] [6, 0, 0, 0] [0, 3, 1, 2]
[1, 0, 0, 0] [3, 0, 2, 0] [0, 0, 0, 0]
[1, 0, 3, 1] [15, 3, 3, 3] [1, 0, 3, 0]
[0, 1, 2, 1] [11, 1, 3, 1] [0, 1, 2, 1]
[3, 1, 1, 3] [12, 2, 1, 3] [3, 1, 1, 2]
[0, 1, 2, 2] [1, 1, 3, 1] [0, 0, 2, 2]
[1, 1, 1, 1] [11, 1, 3, 1] [1, 1, 1, 1]
[1, 1, 1, 2] [2, 1, 0, 3] [1, 1, 1, 1]
[2, 1, 1, 3] [10, 2, 3, 1] [2, 0, 1, 3]
[2, 3, 3, 1] [15, 3, 3, 0] [0, 3, 3, 1]
[1, 1, 2, 0] [2, 1, 0, 0] [1, 1, 2, 0]
[2, 0, 2, 3] [10, 2, 3, 1] [2, 0, 2, 3]
[1, 0, 0, 0] [3, 0, 2, 2] [1, 0, 0, 0]
[2, 1, 1, 1] [11, 1, 3, 0] [1, 1, 1, 1]
[3, 1, 1, 2] [12, 2, 1, 1] [3, 2, 1, 2]
[1, 2, 1, 2] [15, 3, 3, 0] [0, 2, 1, 2]
[1, 1, 0, 3] [10, 1, 3, 1] [1, 0, 0, 3]
[0, 1, 0, 3] [13, 3, 3, 2] [0, 1, 1, 3]
[0, 1, 1, 1] [11, 1, 3, 0] [1, 1, 1, 1]
[3, 1, 1, 3] [12, 2, 1, 2] [3, 1, 2, 3]
[1, 3, 2, 1] [4, 0, 2, 3] [1, 3, 2, 0]
[1, 1, 2, 3] [5, 1, 2, 2] [1, 1, 0, 3]
[3, 3, 2, 3] [10, 2, 3, 3] [3, 3, 2, 0]
[0, 0, 2, 3] [13, 2, 2, 1] [0, 1, 2, 3]
[1, 1, 2, 2] [4, 0, 2, 3] [1, 1, 2, 0]
[1, 3, 2, 3] [10, 2, 3, 1] [1, 0, 2, 3]
[1, 1, 2, 3] [2, 1, 0, 3] [1, 1, 2, 1]
[1, 1, 2, 3] [5, 1, 2, 1] [1, 0, 2, 3]
[0, 3, 0, 3] [13, 3, 3, 2] [0, 3, 1, 3]
[1, 1, 2, 2] [2, 1, 0, 3] [1, 1, 2, 1]
[0, 3, 3, 1] [13, 2, 3, 1] [0, 0, 3, 1]
[0, 1, 1, 2] [12, 2, 1, 1] [0, 2, 1, 2]
[1, 1, 3, 0] [2, 1, 0, 0] [1, 1, 3, 0]
[1, 1, 2, 2] [15, 3, 3, 3] [1, 1, 2, 0]
[3, 0, 0, 1] [15, 3, 3, 2] [3, 0, 0, 1]
[1, 1, 3, 2] [1, 1, 3, 0] [0, 1, 3, 2]
[3, 2, 2, 1] [15, 3, 3, 2] [3, 2, 0, 1]
[2, 1, 1, 3] [12, 2, 1, 3] [2, 1, 1, 2]
[1, 1, 1, 2] [2, 1, 0, 1] [1, 1, 1, 2]
[0, 1, 3, 0] [13, 0, 0, 2] [0, 1, 1, 0]
[1, 1, 2, 3] [4, 0, 2, 0] [0, 1, 2, 3]
[1, 2, 0, 2] [3, 0, 2, 2] [1, 2, 0, 2]
[3, 1, 2, 3] [5, 1, 2, 0] [0, 1, 2, 3]
[0, 2, 1, 1] [15, 3, 3, 0] [0, 2, 1, 1]
[2, 1, 0, 2] [1, 1, 3, 2] [2, 1, 0, 2]
[2, 3, 1, 3] [10, 2, 3, 3] [2, 3, 1, 0]
[0, 1, 1, 0] [12, 2, 1, 3] [0, 1, 1, 2]
[0, 3, 1, 2] [6, 0, 0, 2] [0, 3, 0, 2]
[1, 1, 0, 1] [2, 1, 0, 0] [1, 1, 0, 1]
[3, 1, 1, 0] [12, 2, 1, 0] [2, 1, 1, 0]
[2, 3, 0, 1] [15, 3, 3, 0] [0, 3, 0, 1]
[3, 1, 2, 1] [5, 1, 2, 3] [3, 1, 2, 0]
[1, 1, 3, 1] [11, 1, 3, 1] [1, 1, 3, 1]
[1, 2, 2, 2] [4, 0, 2, 1] [1, 0, 2, 2]
[0, 2, 0, 3] [6, 0, 0, 1] [0, 0, 0, 3]
[2, 3, 2, 1] [15, 3, 3, 0] [0, 3, 2, 1]
[1, 1, 1, 1] [2, 1, 0, 3] [1, 1, 1, 1]
[1, 1, 0, 1] [3, 0, 2, 1] [1, 0, 0, 1]
[0, 0, 0, 3] [6, 0, 0, 0] [0, 0, 0, 3]
[2, 2, 1, 1] [15, 2, 3, 1] [2, 0, 1, 1]
[1, 2, 2, 3] [4, 0, 2, 0] [0, 2, 2, 3]
[1, 3, 0, 3] [3, 0, 2, 2] [1, 3, 0, 3]
[1, 1, 2, 1] [4, 0, 2, 1] [1, 0, 2, 1]
[1, 0, 0, 0] [3, 0, 2, 1] [1, 0, 0, 0]
[0, 1, 2, 2] [5, 1, 2, 2] [0, 1, 0, 2]
[1, 1, 2, 0] [5, 1, 2, 1] [1, 0, 2, 0]
[0, 1, 1, 3] [12, 2, 1, 2] [0, 1, 2, 3]
[1, 0, 2, 1] [4, 0, 2, 2] [1, 0, 0, 1]
[0, 3, 0, 0] [6, 0, 0, 2] [0, 3, 0, 0]
[1, 1, 1, 2] [12, 2, 1, 0] [2, 1, 1, 2]
[0, 1, 0, 1] [11, 1, 3, 3] [0, 1, 0, 1]
[1, 2, 0, 1] [3, 0, 2, 2] [1, 2, 0, 1]
[2, 3, 3, 2] [15, 3, 3, 1] [2, 0, 3, 2]
[2, 1, 1, 1] [11, 1, 3, 1] [2, 1, 1, 1]
[1, 1, 2, 1] [5, 1, 2, 2] [1, 1, 0, 1]
[2, 1, 1, 3] [12, 2, 1, 1] [2, 2, 1, 3]
[1, 1, 3, 3] [2, 1, 0, 0] [1, 1, 3, 3]
[1, 1, 3, 1] [11, 1, 3, 0] [1, 1, 3, 1]
[1, 0, 2, 1] [4, 0, 2, 1] [1, 0, 2, 1]
[0, 1, 2, 0] [5, 1, 2, 3] [0, 1, 2, 0]
[1, 2, 0, 3] [3, 0, 2, 0] [0, 2, 0, 3]
[1, 3, 2, 0] [4, 0, 2, 3] [1, 3, 2, 0]
[1, 1, 3, 2] [2, 1, 0, 2] [1, 1, 1, 2]
[0, 1, 2, 1] [15, 3, 3, 3] [0, 1, 2, 0]
[2, 1, 3, 2] [1, 1, 3, 2] [2, 1, 0, 2]
[1, 2, 2, 0] [4, 0, 2, 3] [1, 2, 2, 0]
[0, 2, 2, 2] [6, 0, 0, 0] [0, 2, 2, 2]
[3, 1, 1, 1] [11, 1, 3, 1] [3, 1, 1, 1]
[2, 1, 2, 2] [1, 1, 3, 1] [2, 0, 2, 2]
[3, 2, 3, 3] [10, 1, 3, 0] [0, 2, 3, 3]
[2, 1, 2, 1] [5, 1, 2, 1] [2, 0, 2, 1]
[2, 1, 1, 0] [12, 2, 1, 1] [2, 2, 1, 0]
[3, 1, 2, 1] [5, 1, 2, 0] [0, 1, 2, 1]
[1, 2, 0, 2] [3, 0, 2, 3] [1, 2, 0, 0]
[0, 1, 3, 2] [1, 1, 3, 0] [0, 1, 3, 2]
[2, 2, 1, 3] [10, 1, 3, 0] [0, 2, 1, 3]
[3, 3, 2, 3] [10, 2, 3, 2] [3, 3, 0, 3]
[1, 2, 0, 2] [3, 0, 2, 1] [1, 0, 0, 2]
[2, 2, 3, 1] [13, 2, 3, 1] [2, 0, 3, 1]
[1, 1, 0, 2] [3, 0, 2, 3] [1, 1, 0, 0]
[1, 1, 1, 3] [12, 2, 1, 1] [1, 2, 1, 3]
[3, 1, 1, 1] [11, 1, 3, 0] [1, 1, 1, 1]
[0, 1, 1, 0] [13, 0, 0, 1] [0, 1, 1, 0]
[3, 0, 2, 1] [13, 2, 2, 1] [3, 1, 2, 1]
[2, 1, 2, 3] [5, 1, 2, 3] [2, 1, 2, 0]
[1, 0, 0, 1] [3, 0, 2, 3] [1, 0, 0, 0]
[2, 1, 1, 2] [12, 2, 1, 2] [2, 1, 2, 2]
[0, 2, 0, 1] [13, 0, 0, 1] [0, 1, 0, 1]
[3, 1, 1, 1] [12, 2, 1, 2] [3, 1, 2, 1]
[0, 1, 2, 1] [5, 1, 2, 1] [0, 0, 2, 1]
[0, 1, 0, 2] [1, 1, 3, 2] [0, 1, 0, 2]
[1, 1, 0, 2] [3, 0, 2, 0] [0, 1, 0, 2]
[1, 1, 1, 1] [11, 1, 3, 2] [1, 1, 1, 1]
[1, 1, 3, 3] [10, 1, 3, 0] [0, 1, 3, 3]
[3, 2, 2, 3] [13, 2, 2, 2] [3, 2, 1, 3]
[2, 1, 3, 3] [13, 3, 2, 2] [2, 1, 1, 3]
[2, 2, 0, 3] [10, 1, 3, 0] [0, 2, 0, 3]
[0, 1, 0, 1] [6, 0, 0, 2] [0, 1, 0, 1]
[0, 3, 3, 1] [13, 2, 3, 3] [0, 3, 3, 0]
[1, 3, 2, 1] [4, 0, 2, 1] [1, 0, 2, 1]
[1, 1, 1, 2] [1, 1, 3, 1] [1, 0, 1, 2]
[1, 1, 3, 1] [11, 1, 3, 3] [1, 1, 3, 1]
[2, 1, 2, 1] [11, 1, 3, 3] [2, 1, 2, 1]
[2, 0, 2, 2] [15, 3, 3, 0] [0, 0, 2, 2]
[1, 0, 0, 2] [3, 0, 2, 1] [1, 0, 0, 2]
[1, 1, 1, 2] [1, 1, 3, 2] [1, 1, 0, 2]
[0, 1, 2, 0] [5, 1, 2, 1] [0, 0, 2, 0]
[0, 1, 0, 2] [1, 1, 3, 3] [0, 1, 0, 0]
[1, 3, 0, 0] [3, 0, 2, 0] [0, 3, 0, 0]
[1, 1, 3, 1] [11, 1, 3, 2] [1, 1, 1, 1]
[3, 1, 1, 2] [1, 1, 3, 0] [0, 1, 1, 2]
[1, 0, 1, 1] [15, 3, 3, 1] [1, 0, 1, 1]
[1, 1, 2, 0] [5, 1, 2, 3] [1, 1, 2, 0]
[2, 1, 1, 3] [12, 2, 1, 0] [2, 1, 1, 3]
[3, 1, 3, 1] [11, 1, 3, 2] [3, 1, 1, 1]
[3, 1, 1, 1] [11, 1, 3, 3] [3, 1, 1, 1]
[0, 1, 2, 3] [13, 2, 2, 2] [0, 1, 1, 3]
[0, 0, 2, 3] [10, 2, 3, 2] [0, 0, 0, 3]
[1, 3, 2, 3] [10, 2, 3, 0] [0, 3, 2, 3]
[1, 1, 2, 0] [4, 0, 2, 3] [1, 1, 2, 0]
[3, 1, 3, 2] [1, 1, 3, 2] [3, 1, 0, 2]
[1, 1, 2, 1] [11, 1, 3, 3] [1, 1, 2, 1]
[0, 2, 1, 3] [10, 1, 3, 2] [0, 2, 0, 3]
[1, 2, 0, 1] [3, 0, 2, 3] [1, 2, 0, 0]
[0, 1, 2, 1] [11, 1, 3, 2] [0, 1, 1, 1]
[1, 2, 2, 2] [4, 0, 2, 0] [0, 2, 2, 2]
[1, 1, 0, 1] [3, 0, 2, 0] [0, 1, 0, 1]
[1, 1, 3, 0] [2, 1, 0, 1] [1, 1, 3, 0]
[0, 1, 2, 2] [15, 3, 3, 1] [0, 0, 2, 2]
[0, 1, 1, 2] [12, 2, 1, 2] [0, 1, 2, 2]
[2, 1, 2, 1] [5, 1, 2, 2] [2, 1, 0, 1]
[1, 1, 2, 3] [4, 0, 2, 1] [1, 0, 2, 3]
[1, 1, 2, 3] [13, 3, 3, 2] [1, 1, 1, 3]
[1, 1, 1, 3] [2, 1, 0, 2] [1, 1, 1, 3]
[1, 1, 1, 1] [12, 2, 1, 2] [1, 1, 2, 1]
[3, 1, 2, 3] [10, 1, 3, 1] [3, 0, 2, 3]
[3, 0, 2, 3] [10, 2, 3, 1] [3, 0, 2, 3]
[0, 1, 2, 2] [1, 1, 3, 2] [0, 1, 0, 2]
[0, 2, 3, 3] [10, 1, 3, 2] [0, 2, 0, 3]
[1, 1, 2, 1] [2, 1, 0, 1] [1, 1, 2, 1]
[3, 1, 1, 0] [12, 2, 1, 1] [3, 2, 1, 0]
[0, 1, 0, 3] [10, 1, 3, 0] [0, 1, 0, 3]
[0, 1, 3, 1] [11, 1, 3, 1] [0, 1, 3, 1]
[3, 1, 2, 3] [5, 1, 2, 2] [3, 1, 0, 3]
[3, 2, 1, 3] [10, 1, 3, 2] [3, 2, 0, 3]
[2, 2, 3, 1] [15, 3, 3, 2] [2, 2, 0, 1]
[1, 1, 1, 3] [2, 1, 0, 0] [1, 1, 1, 3]
[1, 0, 2, 0] [4, 0, 2, 1] [1, 0, 2, 0]
[1, 1, 2, 2] [2, 1, 0, 2] [1, 1, 1, 2]
[3, 1, 1, 2] [12, 2, 1, 0] [2, 1, 1, 2]
[0, 0, 3, 1] [15, 3, 3, 3] [0, 0, 3, 0]
[1, 2, 2, 3] [4, 0, 2, 2] [1, 2, 0, 3]
[0, 1, 2, 3] [5, 1, 2, 2] [0, 1, 0, 3]
[3, 1, 2, 2] [5, 1, 2, 0] [0, 1, 2, 2]
[3, 1, 2, 1] [13, 2, 2, 2] [3, 1, 1, 1]
[0, 2, 0, 1] [6, 0, 0, 3] [0, 2, 0, 0]
[0, 2, 0, 3] [10, 1, 3, 1] [0, 0, 0, 3]
[0, 1, 1, 0] [6, 0, 0, 1] [0, 0, 1, 0]
[0, 0, 1, 3] [13, 3, 2, 2] [0, 0, 0, 3]
[1, 3, 0, 1] [15, 3, 3, 3] [1, 3, 0, 0]
[2, 1, 2, 2] [5, 1, 2, 3] [2, 1, 2, 0]
[3, 0, 3, 2] [15, 3, 3, 3] [3, 0, 3, 0]
[3, 2, 0, 1] [15, 3, 3, 2] [3, 2, 0, 1]
[2, 2, 2, 3] [10, 1, 3, 1] [2, 0, 2, 3]
[0, 1, 1, 0] [12, 2, 1, 1] [0, 2, 1, 0]
[3, 1, 1, 3] [13, 3, 3, 0] [1, 1, 1, 3]
[0, 1, 0, 3] [10, 1, 3, 3] [0, 1, 0, 0]
[0, 1, 2, 3] [5, 1, 2, 1] [0, 0, 2, 3]
[2, 2, 0, 1] [15, 3, 3, 0] [0, 2, 0, 1]
[1, 0, 0, 2] [3, 0, 2, 0] [0, 0, 0, 2]
[0, 3, 1, 0] [6, 0, 0, 0] [0, 3, 1, 0]
[0, 0, 1, 0] [13, 0, 0, 0] [1, 0, 1, 0]
[1, 1, 2, 0] [5, 1, 2, 2] [1, 1, 0, 0]
[2, 1, 2, 2] [1, 1, 3, 3] [2, 1, 2, 0]
[0, 0, 2, 0] [6, 0, 0, 2] [0, 0, 0, 0]
[1, 0, 2, 2] [4, 0, 2, 2] [1, 0, 0, 2]
[3, 1, 0, 2] [1, 1, 3, 1] [3, 0, 0, 2]
[1, 3, 0, 2] [3, 0, 2, 2] [1, 3, 0, 2]
[0, 1, 0, 2] [15, 3, 3, 2] [0, 1, 0, 2]
[1, 1, 0, 0] [2, 1, 0, 1] [1, 1, 0, 0]
[0, 1, 2, 2] [5, 1, 2, 1] [0, 0, 2, 2]
[2, 1, 2, 1] [11, 1, 3, 0] [1, 1, 2, 1]
[2, 1, 1, 1] [12, 2, 1, 3] [2, 1, 1, 2]
[0, 1, 1, 2] [1, 1, 3, 1] [0, 0, 1, 2]
[1, 0, 2, 1] [4, 0, 2, 0] [0, 0, 2, 1]
[0, 3, 3, 1] [15, 3, 3, 3] [0, 3, 3, 0]
[0, 1, 1, 2] [1, 1, 3, 0] [0, 1, 1, 2]
[3, 2, 3, 3] [13, 3, 2, 1] [3, 1, 3, 3]
[3, 2, 0, 1] [15, 3, 3, 1] [3, 0, 0, 1]
[2, 1, 0, 1] [11, 1, 3, 0] [1, 1, 0, 1]
[3, 2, 2, 3] [10, 1, 3, 2] [3, 2, 0, 3]
[0, 1, 1, 3] [12, 2, 1, 3] [0, 1, 1, 2]
[1, 2, 0, 0] [3, 0, 2, 3] [1, 2, 0, 0]
[1, 2, 0, 0] [3, 0, 2, 0] [0, 2, 0, 0]
[2, 0, 1, 3] [10, 2, 3, 2] [2, 0, 0, 3]
[1, 2, 2, 3] [4, 0, 2, 1] [1, 0, 2, 3]
[2, 2, 2, 2] [15, 3, 3, 3] [2, 2, 2, 0]
[1, 3, 0, 1] [3, 0, 2, 3] [1, 3, 0, 0]
[1, 1, 1, 0] [2, 1, 0, 0] [1, 1, 1, 0]
[0, 1, 2, 1] [5, 1, 2, 2] [0, 1, 0, 1]
[1, 3, 2, 2] [4, 0, 2, 2] [1, 3, 0, 2]
[1, 1, 1, 0] [12, 2, 1, 0] [2, 1, 1, 0]
[1, 1, 2, 3] [2, 1, 0, 0] [1, 1, 2, 3]
[1, 1, 1, 0] [2, 1, 0, 3] [1, 1, 1, 1]
[3, 2, 3, 1] [15, 3, 3, 0] [0, 2, 3, 1]
[3, 1, 1, 3] [12, 2, 1, 0] [2, 1, 1, 3]
[0, 2, 3, 0] [6, 0, 0, 0] [0, 2, 3, 0]
[0, 1, 2, 2] [1, 1, 3, 0] [0, 1, 2, 2]
[0, 1, 1, 0] [12, 2, 1, 2] [0, 1, 2, 0]
[1, 1, 2, 0] [4, 0, 2, 0] [0, 1, 2, 0]
[1, 1, 1, 3] [12, 2, 1, 0] [2, 1, 1, 3]
[1, 1, 0, 3] [2, 1, 0, 0] [1, 1, 0, 3]
[0, 1, 1, 1] [11, 1, 3, 2] [0, 1, 1, 1]
[0, 1, 1, 2] [1, 1, 3, 2] [0, 1, 0, 2]
[0, 3, 0, 1] [6, 0, 0, 3] [0, 3, 0, 0]
[2, 1, 2, 1] [5, 1, 2, 3] [2, 1, 2, 0]
[2, 1, 0, 2] [1, 1, 3, 1] [2, 0, 0, 2]
[0, 1, 2, 0] [5, 1, 2, 2] [0, 1, 0, 0]
[0, 1, 1, 3] [10, 1, 3, 2] [0, 1, 0, 3]
[1, 1, 0, 3] [3, 0, 2, 0] [0, 1, 0, 3]
[2, 1, 3, 2] [1, 1, 3, 1] [2, 0, 3, 2]
[3, 1, 2, 0] [5, 1, 2, 2] [3, 1, 0, 0]
[3, 2, 2, 3] [13, 3, 2, 3] [3, 2, 2, 0]
[1, 0, 2, 0] [4, 0, 2, 0] [0, 0, 2, 0]
[1, 1, 1, 1] [12, 2, 1, 1] [1, 2, 1, 1]
[3, 3, 1, 3] [10, 2, 3, 0] [0, 3, 1, 3]
[2, 2, 2, 3] [10, 2, 3, 1] [2, 0, 2, 3]
[3, 1, 2, 0] [5, 1, 2, 3] [3, 1, 2, 0]
[1, 3, 1, 3] [10, 2, 3, 0] [0, 3, 1, 3]
[1, 3, 2, 2] [4, 0, 2, 3] [1, 3, 2, 0]
[1, 1, 2, 0] [2, 1, 0, 3] [1, 1, 2, 1]
[1, 1, 0, 0] [2, 1, 0, 0] [1, 1, 0, 0]
[0, 1, 2, 0] [13, 0, 0, 3] [0, 1, 2, 1]
[3, 1, 1, 2] [1, 1, 3, 1] [3, 0, 1, 2]
[1, 1, 0, 2] [15, 3, 3, 0] [0, 1, 0, 2]
[1, 3, 1, 3] [10, 2, 3, 2] [1, 3, 0, 3]
[1, 0, 0, 1] [3, 0, 2, 2] [1, 0, 0, 1]
[0, 1, 1, 1] [12, 2, 1, 1] [0, 2, 1, 1]
[1, 1, 0, 2] [1, 1, 3, 1] [1, 0, 0, 2]
[0, 1, 1, 3] [13, 3, 3, 0] [1, 1, 1, 3]
[1, 1, 2, 1] [4, 0, 2, 2] [1, 1, 0, 1]
[1, 1, 1, 1] [2, 1, 0, 2] [1, 1, 1, 1]
[0, 3, 0, 3] [6, 0, 0, 3] [0, 3, 0, 0]
[1, 1, 0, 0] [3, 0, 2, 1] [1, 0, 0, 0]
[1, 2, 2, 1] [4, 0, 2, 2] [1, 2, 0, 1]
[2, 2, 1, 1] [15, 2, 3, 0] [0, 2, 1, 1]
[0, 1, 2, 3] [13, 0, 0, 3] [0, 1, 2, 1]
[2, 1, 2, 3] [5, 1, 2, 0] [0, 1, 2, 3]
[1, 3, 3, 3] [13, 3, 3, 2] [1, 3, 1, 3]
[3, 1, 2, 2] [5, 1, 2, 2] [3, 1, 0, 2]
[1, 1, 3, 2] [1, 1, 3, 3] [1, 1, 3, 0]
[1, 0, 2, 2] [15, 3, 3, 0] [0, 0, 2, 2]
[1, 3, 0, 2] [3, 0, 2, 0] [0, 3, 0, 2]
[2, 1, 2, 1] [5, 1, 2, 0] [0, 1, 2, 1]
[0, 3, 3, 0] [6, 0, 0, 0] [0, 3, 3, 0]
[2, 2, 1, 3] [13, 3, 1, 1] [2, 0, 1, 3]
[1, 2, 0, 1] [3, 0, 2, 0] [0, 2, 0, 1]
[1, 0, 0, 3] [3, 0, 2, 0] [0, 0, 0, 3]
[2, 3, 2, 0] [13, 2, 2, 1] [2, 1, 2, 0]
[1, 1, 0, 2] [2, 1, 0, 2] [1, 1, 1, 2]
[0, 2, 1, 3] [13, 3, 2, 0] [0, 2, 1, 3]
[3, 1, 1, 1] [12, 2, 1, 0] [2, 1, 1, 1]
[1, 2, 2, 1] [4, 0, 2, 3] [1, 2, 2, 0]
[3, 2, 2, 0] [13, 2, 2, 1] [3, 1, 2, 0]
[1, 1, 2, 1] [4, 0, 2, 3] [1, 1, 2, 0]
[1, 3, 2, 0] [4, 0, 2, 1] [1, 0, 2, 0]
[1, 1, 2, 2] [4, 0, 2, 2] [1, 1, 0, 2]
[2, 1, 2, 3] [5, 1, 2, 2] [2, 1, 0, 3]
[1, 3, 0, 1] [3, 0, 2, 2] [1, 3, 0, 1]
[1, 1, 2, 3] [5, 1, 2, 3] [1, 1, 2, 0]
[0, 1, 1, 1] [11, 1, 3, 1] [0, 1, 1, 1]
[0, 0, 2, 2] [6, 0, 0, 3] [0, 0, 2, 0]
[2, 1, 2, 2] [5, 1, 2, 2] [2, 1, 0, 2]
[3, 1, 1, 3] [10, 1, 3, 2] [3, 1, 0, 3]
[1, 1, 2, 3] [2, 1, 0, 2] [1, 1, 1, 3]
[1, 1, 2, 2] [5, 1, 2, 1] [1, 0, 2, 2]
[0, 3, 2, 0] [6, 0, 0, 1] [0, 0, 2, 0]
[3, 1, 2, 2] [1, 1, 3, 0] [0, 1, 2, 2]
[1, 1, 3, 2] [2, 1, 0, 0] [1, 1, 3, 2]
[1, 1, 2, 0] [5, 1, 2, 0] [0, 1, 2, 0]
[1, 1, 2, 2] [1, 1, 3, 0] [0, 1, 2, 2]
[1, 3, 0, 3] [3, 0, 2, 1] [1, 0, 0, 3]
[3, 1, 2, 3] [10, 1, 3, 3] [3, 1, 2, 0]
[2, 1, 1, 2] [12, 2, 1, 3] [2, 1, 1, 2]
[0, 2, 2, 2] [6, 0, 0, 2] [0, 2, 0, 2]
[0, 1, 2, 2] [5, 1, 2, 3] [0, 1, 2, 0]
[1, 1, 1, 2] [12, 2, 1, 1] [1, 2, 1, 2]
[0, 1, 2, 3] [5, 1, 2, 0] [0, 1, 2, 3]
[3, 1, 3, 2] [1, 1, 3, 1] [3, 0, 3, 2]
[1, 1, 2, 2] [1, 1, 3, 2] [1, 1, 0, 2]
[1, 0, 2, 2] [4, 0, 2, 3] [1, 0, 2, 0]
[1, 1, 2, 1] [11, 1, 3, 0] [1, 1, 2, 1]
[1, 1, 2, 0] [4, 0, 2, 2] [1, 1, 0, 0]
[3, 1, 2, 2] [1, 1, 3, 3] [3, 1, 2, 0]
[2, 1, 2, 0] [5, 1, 2, 0] [0, 1, 2, 0]
[1, 1, 2, 3] [5, 1, 2, 0] [0, 1, 2, 3]
[0, 0, 3, 0] [6, 0, 0, 3] [0, 0, 3, 0]
[1, 3, 0, 3] [3, 0, 2, 0] [0, 3, 0, 3]
[3, 0, 2, 2] [15, 3, 3, 0] [0, 0, 2, 2]
[1, 1, 2, 3] [4, 0, 2, 2] [1, 1, 0, 3]
[1, 2, 3, 3] [10, 1, 3, 0] [0, 2, 3, 3]
[0, 2, 3, 2] [15, 3, 3, 3] [0, 2, 3, 0]
[0, 3, 1, 3] [13, 3, 3, 3] [0, 3, 1, 1]
[0, 0, 3, 1] [6, 0, 0, 3] [0, 0, 3, 0]
[0, 0, 1, 3] [10, 2, 3, 3] [0, 0, 1, 0]
[1, 0, 2, 1] [13, 2, 2, 1] [1, 1, 2, 1]
[0, 3, 3, 3] [13, 3, 2, 2] [0, 3, 1, 3]
[2, 1, 0, 3] [10, 1, 3, 3] [2, 1, 0, 0]
[1, 1, 1, 0] [12, 2, 1, 3] [1, 1, 1, 2]
[0, 3, 1, 3] [10, 2, 3, 3] [0, 3, 1, 0]
[1, 0, 0, 1] [3, 0, 2, 0] [0, 0, 0, 1]
[1, 1, 1, 2] [1, 1, 3, 0] [0, 1, 1, 2]
[0, 3, 1, 2] [6, 0, 0, 3] [0, 3, 1, 0]
[1, 3, 0, 2] [3, 0, 2, 1] [1, 0, 0, 2]
[0, 0, 2, 1] [15, 3, 3, 3] [0, 0, 2, 0]
[3, 0, 3, 2] [15, 3, 3, 1] [3, 0, 3, 2]
[2, 1, 1, 1] [12, 2, 1, 0] [2, 1, 1, 1]
[2, 3, 2, 0] [13, 2, 0, 0] [1, 3, 2, 0]
[2, 1, 0, 2] [1, 1, 3, 3] [2, 1, 0, 0]
[2, 1, 3, 2] [1, 1, 3, 3] [2, 1, 3, 0]
[2, 1, 1, 1] [11, 1, 3, 3] [2, 1, 1, 1]
[3, 1, 0, 2] [1, 1, 3, 0] [0, 1, 0, 2]
[1, 1, 0, 2] [2, 1, 0, 1] [1, 1, 0, 2]
[1, 0, 2, 0] [4, 0, 2, 3] [1, 0, 2, 0]
[1, 1, 1, 2] [2, 1, 0, 2] [1, 1, 1, 2]
[3, 1, 1, 1] [15, 3, 3, 1] [3, 0, 1, 1]
[0, 1, 1, 0] [12, 2, 1, 0] [2, 1, 1, 0]
[0, 1, 3, 2] [6, 0, 0, 1] [0, 0, 3, 2]
[1, 2, 2, 0] [4, 0, 2, 2] [1, 2, 0, 0]
[2, 1, 3, 1] [11, 1, 3, 3] [2, 1, 3, 1]
[1, 1, 2, 2] [5, 1, 2, 0] [0, 1, 2, 2]
[1, 1, 0, 0] [2, 1, 0, 2] [1, 1, 1, 0]
part 1: 547
part 2: 582
