1,2c1
< [1, 3, 2, 1]
< [3, 1, 2, 1]
---
> [0, 1, 2, 3]
10a10
> [1, 2, 2, 2]
26d25
< [3, 2, 1, 2]
43d41
< [1, 1, 2, 1]
48d45
< [0, 2, 2, 1]
53d49
< [2, 1, 1, 1]
60a57
> [2, 0, 1, 3]
62d58
< [3, 1, 2, 2]
65d60
< [1, 0, 2, 3]
72d66
< [3, 1, 2, 1]
75d68
< [2, 1, 2, 1]
77a71
> [2, 1, 2, 1]
78a73
> [1, 0, 0, 3]
79a75,78
> [2, 1, 1, 3]
> [2, 2, 1, 0]
> [1, 1, 3, 3]
> [2, 1, 1, 1]
83a83
> [3, 2, 3, 1]
87d86
< [2, 1, 2, 1]
93d91
< [1, 1, 0, 1]
95a94
> [3, 1, 1, 0]
103d101
< [2, 2, 1, 1]
123,124d120
< [1, 0, 2, 1]
< [0, 1, 2, 1]
129c125
< [1, 0, 2, 1]
---
> [2, 0, 1, 1]
133d128
< [2, 1, 0, 1]
135c130
< [1, 3, 2, 1]
---
> [3, 1, 0, 3]
139c134
< [1, 3, 2, 1]
---
> [2, 0, 3, 1]
148d142
< [2, 1, 2, 1]
152d145
< [0, 0, 1, 1]
155d147
< [1, 1, 2, 1]
159d150
< [1, 2, 2, 1]
169,170d159
< [1, 0, 2, 1]
< [1, 1, 2, 1]
185a175
> [1, 2, 2, 1]
189d178
< [0, 2, 1, 1]
192d180
< [1, 1, 2, 1]
198d185
< [2, 1, 1, 1]
205a193
> [3, 2, 1, 1]
208d195
< [1, 1, 2, 1]
213d199
< [2, 1, 1, 3]
224d209
< [1, 1, 2, 2]
227a213
> [0, 1, 1, 3]
229d214
< [3, 1, 2, 1]
233a219
> [0, 1, 2, 3]
235d220
< [3, 1, 1, 3]
239c224
< [3, 3, 2, 1]
---
> [0, 3, 1, 3]
240a226
> [0, 0, 3, 1]
246d231
< [0, 0, 2, 1]
249d233
< [2, 1, 1, 2]
250a235
> [0, 1, 1, 0]
271d255
< [1, 0, 2, 2]
278d261
< [1, 1, 2, 1]
296d278
< [3, 1, 2, 1]
302d283
< [1, 0, 2, 1]
304d284
< [1, 2, 2, 1]
314,315c294
< [1, 1, 1, 1]
< [3, 1, 2, 1]
---
> [2, 0, 3, 1]
319c298,299
< [3, 0, 2, 1]
---
> [0, 1, 1, 0]
> [3, 1, 2, 1]
322a303
> [0, 1, 0, 1]
326,327d306
< [3, 0, 2, 1]
< [3, 1, 2, 1]
330a310,311
> [3, 2, 1, 3]
> [2, 1, 1, 3]
332a314
> [0, 3, 3, 0]
334d315
< [1, 3, 2, 2]
342d322
< [3, 3, 2, 1]
351,355d330
< [2, 0, 1, 1]
< [1, 1, 1, 1]
< [1, 1, 2, 0]
< [2, 0, 2, 1]
< [2, 1, 1, 3]
356a332
> [0, 1, 1, 3]
358d333
< [2, 1, 1, 3]
368d342
< [3, 1, 2, 0]
375c349
< [2, 1, 3, 1]
---
> [1, 1, 1, 3]
377d350
< [2, 1, 2, 1]
389,390d361
< [1, 1, 2, 1]
< [2, 1, 1, 0]
399c370
< [2, 1, 0, 2]
---
> [3, 1, 1, 1]
402d372
< [1, 2, 2, 2]
403a374
> [0, 0, 0, 3]
409d379
< [0, 1, 2, 1]
410a381
> [1, 1, 1, 3]
412d382
< [1, 0, 2, 1]
416a387
> [1, 0, 1, 0]
420,421d390
< [3, 2, 2, 1]
< [1, 1, 1, 2]
423d391
< [2, 1, 1, 2]
431d398
< [0, 1, 2, 1]
436c403
< [1, 2, 2, 1]
---
> [3, 1, 3, 3]
445d411
< [2, 1, 3, 1]
461d426
< [2, 2, 2, 1]
472a438
> [3, 2, 2, 0]
478d443
< [3, 0, 2, 1]
480,481d444
< [3, 3, 2, 1]
< [2, 1, 2, 1]
485c448
< [2, 3, 1, 1]
---
> [0, 1, 2, 1]
488d450
< [3, 2, 2, 1]
491,492d452
< [3, 2, 1, 1]
< [1, 1, 2, 3]
494a455
> [1, 1, 1, 3]
499d459
< [3, 1, 2, 1]
501a462
> [0, 1, 2, 1]
502a464
> [1, 3, 1, 3]
507d468
< [1, 0, 1, 1]
510,511c471
< [2, 1, 3, 0]
< [3, 1, 2, 3]
---
> [2, 0, 1, 3]
513a474
> [2, 1, 2, 0]
514a476
> [0, 2, 1, 3]
516a479
> [3, 1, 2, 0]
534d496
< [3, 2, 2, 1]
538,539d499
< [3, 0, 1, 1]
< [2, 1, 0, 1]
543d502
< [2, 1, 2, 1]
558d516
< [2, 1, 1, 2]
560c518
< [3, 1, 2, 1]
---
> [0, 3, 1, 1]
562a521,522
> [1, 1, 2, 1]
> [0, 3, 1, 3]
567d526
< [1, 3, 2, 1]
573d531
< [1, 1, 2, 1]
574a533
> [1, 3, 2, 0]
584d542
< [1, 2, 2, 1]
590,591c548,549
< [3, 3, 1, 1]
< 590
---
> part 1: 547
> part 2: 582
